dce,c,01,03,05,07,09,11
dce,a,01,03,05,07,09,11
dce,b,01,03,05,07,09,11
dce,m,01,03,05,07,08,09,11
dce,y,01,03,05,07,08,09,11,12
dce,p,01,02,03,04,05,06,07,08,09,10,11,12
dce,pp,01,02,03,04,05,06,07,08,09,10,11,12
dce,jd,01,02,03,04,05,06,09,10,11,12
dce,bb,01,02,03,04,05,06,07,08,09,10,11,12
dce,fb,01,02,03,04,05,06,07,08,09,10,11,12
dce,l,01,02,03,04,05,06,07,08,09,10,11,12
dce,j,01,02,03,04,05,06,07,08,09,10,11,12
dce,jm,01,02,03,04,05,06,07,08,09,10,11,12
dce,v,01,02,03,04,05,06,07,08,09,10,11,12
dce,i,01,02,03,04,05,06,07,08,09,10,11,12
shfe,cu,01,02,03,04,05,06,07,08,09,10,11,12
shfe,al,01,02,03,04,05,06,07,08,09,10,11,12
shfe,zn,01,02,03,04,05,06,07,08,09,10,11,12
shfe,pb,01,02,03,04,05,06,07,08,09,10,11,12
shfe,au,01,02,03,04,05,06,07,08,09,10,11,12
shfe,ag,01,02,03,04,05,06,07,08,09,10,11,12
shfe,rb,01,02,03,04,05,06,07,08,09,10,11,12
shfe,wr,01,02,03,04,05,06,07,08,09,10,11,12
shfe,fu,01,02,03,04,05,06,07,08,09,10,11,12
shfe,bu,01,02,03,04,05,06,07,08,09,10,11,12
shfe,ni,01,02,03,04,05,06,07,08,09,10,11,12
shfe,ru,01,02,03,04,05,06,07,08,09,10,11
czce,WH,01,03,05,07,09,11
czce,PM,01,03,05,07,09,11
czce,CF,01,03,05,07,09,11
czce,SR,01,03,05,07,09,11
czce,TA,01,02,03,04,05,06,07,08,09,10,11,12
czce,OI,01,03,05,07,09,11
czce,RI,01,03,05,07,09,11
czce,ME,01,02,03,04,05,06,07,08,09,10,11,12
czce,FG,01,02,03,04,05,06,07,08,09,10,11,12
czce,RS,07,08,09,11
czce,RM,01,03,05,07,09,11
czce,JR,01,03,05,07,09,11
cffex,IF,01,02,03,04,05,06,07,08,09,10,11,12