dce
c,01,03,05,07,09,11
a,01,03,05,07,09,11
b,01,03,05,07,09,11
m,01,03,05,07,08,09,11
y,01,03,05,07,08,09,11,12
p,01,02,03,04,05,06,07,08,09,10,11,12
pp,01,02,03,04,05,06,07,08,09,10,11,12
jd,01,02,03,04,05,06,09,10,11,12
bb,01,02,03,04,05,06,07,08,09,10,11,12
fb,01,02,03,04,05,06,07,08,09,10,11,12
l,01,02,03,04,05,06,07,08,09,10,11,12
j,01,02,03,04,05,06,07,08,09,10,11,12
jm,01,02,03,04,05,06,07,08,09,10,11,12
v,01,02,03,04,05,06,07,08,09,10,11,12
i,01,02,03,04,05,06,07,08,09,10,11,12
shfe
cu,01,02,03,04,05,06,07,08,09,10,11,12
al,01,02,03,04,05,06,07,08,09,10,11,12
zn,01,02,03,04,05,06,07,08,09,10,11,12
pb,01,02,03,04,05,06,07,08,09,10,11,12
au,01,02,03,04,05,06,07,08,09,10,11,12
ag,01,02,03,04,05,06,07,08,09,10,11,12
rb,01,02,03,04,05,06,07,08,09,10,11,12
wr,01,02,03,04,05,06,07,08,09,10,11,12
fu,01,02,03,04,05,06,07,08,09,10,11,12
bu,01,02,03,04,05,06,07,08,09,10,11,12
ru,01,02,03,04,05,06,07,08,09,10,11
czce
WH,01,03,05,07,09,11
PM,01,03,05,07,09,11
CF,01,03,05,07,09,11
SR,01,03,05,07,09,11
TA,01,02,03,04,05,06,07,08,09,10,11,12
OI,01,03,05,07,09,11
RI,01,03,05,07,09,11
ME,01,02,03,04,05,06,07,08,09,10,11,12
FG,01,02,03,04,05,06,07,08,09,10,11,12
RS,07,08,09,11
RM,01,03,05,07,09,11
JR,01,03,05,07,09,11
cffex
IF,01,02,03,04,05,06,07,08,09,10,11,12